pixel_count = 1101312000
leaf_count = 251038887

Fixed point Residual(0)
short_count = 4956960

Last Residual(1)
First Residual(0):        0     4128     1347      466      133       31        9        3        0        0        0        0        0        0
First Residual(1):    38769      977      645      310       99       31        3        1        0        0        0        0        0        0
First Residual(2):        0      989      641      280       99       33        9        1        0        0        0        0        0        0
First Residual(3):        0     3310     1258      433      131       34        6        0        0        0        0        0        0        0
First Residual(4):        0     1519      814      339      122       41        5        0        0        0        0        0        0        0
First Residual(5):        0     2234      964      393      128       32        5        2        0        0        0        0        0        0
First Residual(6):        0     2224      977      377      143       31        1        0        0        0        0        0        0        0
First Residual(7):        0     1391      753      341      101       24        6        1        0        0        0        0        0        0

Last Residual(2)
First Residual(0):        0     4105     1373      405      133       39        5        0        0        0        0        0        0        0
First Residual(1):        0      975      625      308      109       21        8        0        0        0        0        0        0        0
First Residual(2):    39380      896      603      287      101       36        4        1        0        0        0        0        0        0
First Residual(3):        0     3377     1244      397      119       32        4        0        0        0        0        0        0        0
First Residual(4):        0     1583      746      337      100       39        3        0        0        0        0        0        0        0
First Residual(5):        0     2265     1052      362      115       33        4        1        0        0        0        0        0        0
First Residual(6):        0     2233      993      390      111       41        7        0        0        0        0        0        0        0
First Residual(7):        0     1314      812      329      133       27        9        2        0        0        0        0        0        0

Last Residual(3)
First Residual(0):        0   173399    60750    26857    10604     3175      770      178       28        3        0        0        0        0
First Residual(1):        0    13083    12030     9150     4748     1760      560      156       34        0        0        0        0        0
First Residual(2):        0    13210    11942     9133     4746     1859      521      136       29        1        0        0        0        0
First Residual(3):   717520    64739    38107    21744     9087     2855      756      193       27        0        0        0        0        0
First Residual(4):        0    32705    21168    12776     6074     2074      596      152       40        0        0        0        0        0
First Residual(5):        0    41841    25530    15258     6887     2289      683      176       24        1        0        0        0        0
First Residual(6):        0    43704    25965    15328     6982     2307      674      184       27        0        0        0        0        0
First Residual(7):        0    15850    13993    10425     5329     1926      585      155       26        2        0        0        0        0

Last Residual(4)
First Residual(0):        0    20742     5681     1972      582      190       41        3        1        0        0        0        0        0
First Residual(1):        0     2732     1966     1015      440      134       32        2        0        0        0        0        0        0
First Residual(2):        0     2684     1960     1083      438      113       39        5        1        0        0        0        0        0
First Residual(3):        0    14349     4975     1905      598      161       39        2        0        0        0        0        0        0
First Residual(4):   147830     5206     2903     1328      488      130       28        6        0        0        0        0        0        0
First Residual(5):        0     8341     3733     1564      510      150       38        5        0        0        0        0        0        0
First Residual(6):        0     8489     3775     1630      553      151       34        3        0        0        0        0        0        0
First Residual(7):        0     4263     2468     1252      464      159       39        4        0        0        0        0        0        0

Last Residual(5)
First Residual(0):        0    76366    22677     7970     2559      778      202       29        3        0        0        0        0        0
First Residual(1):        0     6454     5784     3877     1849      649      177       34        5        0        0        0        0        0
First Residual(2):        0     6343     5697     3824     1798      628      153       17        4        0        0        0        0        0
First Residual(3):        0    34078    15479     6978     2432      752      177       33        5        1        0        0        0        0
First Residual(4):        0    14263     9342     4913     2127      686      169       36        8        1        0        0        0        0
First Residual(5):   371751    24818    12648     6061     2230      700      173       31        7        0        0        0        0        0
First Residual(6):        0    23464    12286     5886     2342      699      182       27        6        0        0        0        0        0
First Residual(7):        0     9920     7503     4477     1974      641      156       29        1        0        0        0        0        0

Last Residual(6)
First Residual(0):        0    79786    23595     8275     2890      818      176       42        4        0        0        0        0        0
First Residual(1):        0     6290     5868     3937     1865      702      180       45        5        0        0        0        0        0
First Residual(2):        0     6408     6006     3928     1893      707      162       25        4        0        0        0        0        0
First Residual(3):        0    36662    16559     6945     2472      795      200       24        1        0        0        0        0        0
First Residual(4):        0    14010     9432     5179     2146      725      166       29        4        0        0        0        0        0
First Residual(5):        0    23905    12608     6033     2376      740      201       34        4        0        0        0        0        0
First Residual(6):   383897    25524    12905     6098     2347      727      194       44        5        0        0        0        0        0
First Residual(7):        0    10167     7570     4552     1973      666      194       32        5        0        0        0        0        0

Last Residual(7)
First Residual(0):        0     9572     3173     1149      336       99       12        3        0        0        0        0        0        0
First Residual(1):        0     1810     1295      680      245       93       16        3        0        0        0        0        0        0
First Residual(2):        0     1896     1357      706      249       79       12        1        0        0        0        0        0        0
First Residual(3):        0     5857     2612     1058      312       67       17        3        0        0        0        0        0        0
First Residual(4):        0     3350     1793      851      268       84       14        2        0        0        0        0        0        0
First Residual(5):        0     4678     2209      959      294       74       14        2        0        0        0        0        0        0
First Residual(6):        0     4614     2212      906      298       73       20        0        0        0        0        0        0        0
First Residual(7):    74508     2415     1582      784      273       66       13        3        0        0        0        0        0        0

Fixed point Residual(4)
short_count = 41813738

Last Residual(0)
First Residual(0):   618590    10040     8628     5646     2769     1056      322       74       11        0        0        0        0        0
First Residual(1):        0   106623    35675    12287     4294     1348      378       59        9        0        0        0        0        0
First Residual(2):        0   106893    35885    12374     4221     1289      348       76       11        0        0        0        0        0
First Residual(3):        0     7370     7246     5257     2621     1017      326       76        9        1        0        0        0        0
First Residual(4):        0    50392    22788     9508     3734     1259      337       82        6        0        0        0        0        0
First Residual(5):        0    16945    12221     6987     3137     1159      326       62        9        1        0        0        0        0
First Residual(6):        0    16973    12378     7001     3143     1100      322       72        7        0        0        0        0        0
First Residual(7):        0    30538    18180     8711     3716     1263      349       72        7        0        0        0        0        0

Last Residual(1)
First Residual(0):        0   536316   162501    65057    27928     8282     2197      468       92        8        0        0        0        0
First Residual(1):  5366901    85554    59755    38382    20381     7039     2022      507       77        9        0        0        0        0
First Residual(2):        0   115690    99334    53643    25133     7962     2205      474       93       14        0        0        0        0
First Residual(3):        0   125118    78885    46110    22966     7601     2165      462       81       12        0        0        0        0
First Residual(4):        0   405667   136969    58138    26203     8089     2194      504       93        5        0        0        0        0
First Residual(5):        0   111855    71525    42794    21893     7392     2140      484       92        8        0        0        0        0
First Residual(6):        0   613732   177378    68120    28473     8358     2278      532      101        9        0        0        0        0
First Residual(7):        0    98088    66877    41671    21774     7223     2096      465       94       16        0        0        0        0

Last Residual(2)
First Residual(0):        0   526039   163814    65786    28240     8589     2368      540       97        9        0        0        0        0
First Residual(1):        0   122010   103191    54446    25849     8059     2243      515      105       11        0        0        0        0
First Residual(2):  5623732    90173    61300    39058    20851     7260     2104      494       88        6        0        0        0        0
First Residual(3):        0   123345    79217    46932    23518     7654     2142      532       83       10        0        0        0        0
First Residual(4):        0   433806   140806    58843    26449     8117     2187      510      104       15        0        0        0        0
First Residual(5):        0   641808   180519    69007    28860     8650     2233      551      102        9        0        0        0        0
First Residual(6):        0   115493    72832    43501    22257     7388     2116      512       91        9        0        0        0        0
First Residual(7):        0   105170    69282    42316    21991     7421     2192      521      121       10        0        0        0        0

Last Residual(3)
First Residual(0):        0     5257     4166     2308      898      296       72       15        2        0        0        0        0        0
First Residual(1):        0    22951     8797     3560     1141      326       81       10        1        0        0        0        0        0
First Residual(2):        0    22765     8559     3513     1087      330       71       10        1        0        0        0        0        0
First Residual(3):   207214     3764     3357     2095      819      244       73        7        2        0        0        0        0        0
First Residual(4):        0    17216     7496     3291     1139      297       85       11        1        0        0        0        0        0
First Residual(5):        0     7658     4790     2612      943      278       67        9        0        0        0        0        0        0
First Residual(6):        0     7797     4815     2577      961      284       53       10        4        0        0        0        0        0
First Residual(7):        0     9531     5634     2899      968      315       67       14        0        0        0        0        0        0

Last Residual(5)
First Residual(0):        0    30817    30687    19075     9487     3231      875      198       32        3        0        0        0        0
First Residual(1):        0   108507    52657    25876    11306     3513      898      217       34        2        0        0        0        0
First Residual(2):        0   297746    89768    33378    12952     3694      999      192       21        1        0        0        0        0
First Residual(3):        0    18842    20285    14970     8268     2927      871      198       25        1        0        0        0        0
First Residual(4):        0   211737    70280    28747    11590     3583      950      195       31        1        0        0        0        0
First Residual(5):  1691393    53819    33776    19240     9430     3159      888      205       34        1        0        0        0        0
First Residual(6):        0    51798    37184    21341    10055     3326      856      204       28        2        0        0        0        0
First Residual(7):        0    67286    39257    21601     9954     3271      924      169       30        5        0        0        0        0

Last Residual(6)
First Residual(0):        0    31081    30108    18959     9301     3193      955      208       36        3        0        0        0        0
First Residual(1):        0   279133    87033    33093    12891     3785      969      203       37        3        0        0        0        0
First Residual(2):        0   105687    51822    25517    10936     3399      962      216       31        1        0        0        0        0
First Residual(3):        0    18256    19587    14768     8197     3000      903      201       31        3        0        0        0        0
First Residual(4):        0   203787    68537    27985    11688     3614      900      201       43        3        0        0        0        0
First Residual(5):        0    50840    36418    21125    10130     3271      863      205       42        4        0        0        0        0
First Residual(6):  1627300    51666    32351    19066     9290     3170      865      200       24        3        0        0        0        0
First Residual(7):        0    63045    38221    21538     9887     3235      898      218       45        3        0        0        0        0

Last Residual(7)
First Residual(0):        0    67781    56453    38556    19731     6792     2074      599      115        7        0        0        0        0
First Residual(1):        0   171571    91318    53289    24487     7590     2261      642      130        6        0        0        0        0
First Residual(2):        0   177308    91798    53297    24582     7666     2253      616      111        6        0        0        0        0
First Residual(3):        0    28576    35768    30973    17007     6120     1940      538      102        8        0        0        0        0
First Residual(4):        0   665433   181700    73840    28609     8053     2356      647      106        8        0        0        0        0
First Residual(5):        0    89634    68971    45726    22174     7091     2170      572      105        5        0        0        0        0
First Residual(6):        0    85999    68486    46240    22138     7141     2206      603       98        5        0        0        0        0
First Residual(7):  3860200   226213   108535    57796    24804     7451     2196      621      113        4        0        0        0        0
